0
0
0
0
0
0
0
0
0
0
0
0
0
0
0
998
0
0
0
0
0
0
0
0
0
0
0
1000
0
1004
0
997
0
999
0
1000
0
0
1001
0
0
495
0
1051
978
0
0
1000
1001
999
0
0
759
0
0
833
1061
996
999
1565
634
1034
992
0
1000
1000
0
0
999
1002
0
596
1058
91
0
999
1462
1005
933
0
1001
993
1002
1068
1551
0
994
1000
1085
997
0
996
999
0
1028
247
999
0
1138
1062
1000
1000
552
996
1041
1005
85
1336
1065
1050
1161
1999
1819
992
908
998
1000
1000
1000
999
1695
1553
723
1002
2122
2004
1541
2024
2000
1999
1964
2000
1391
2000
1803
2001
2731
1999
2000
2997
2085
1010
2651
1000
1001
999
1322
2001
1999
1000
1001
2007
0
0
0
0
10000
0
10001
0
0
0
0
0
0
0
10030
0
0
6740
1696
1843
1000
2020
1999
2001
2000
2000
2510
1973
1991
1998
2227
2204
2000
1000
1997
999
2047
1998
2000
2079
2916
1114
2112
1901
2714
2038
2001
3079
2252
2097
2000
3004
2994
1393
3009
2925
1995
1513
0
10031
0
8768
1910
2096
2997
2132
2001
1999
2705
0
0
10033
6181
3006
2981
1993
1399
2005
3023
2001
0
0
0
0
9604
0
10116
0
0
0
7108
770
0
10200
0
0
0
0
0
0
703
0
9600
0
10706
0
10600
0
10296
0
10258
4106
6200
0
9505
0
10106
0
9901
0
9998
0
11724
0
0
0
650
0
683
0
0
0
0
10098
0
0
6132
0
0
0
9993
0
10000
0
10005
0
0
0
2731
3010
3007
3445
0
10094
0
0
9603
0
10104
0
605
0
0
9607
0
11203
0
0
10113
0
11452
2999
3008
4255
4170
4005
3105
3009
4591
3014
2993
1264
0
0
9904
0
0
0
0
0
0
16486
0
16799
1108
10743
0
0
0
0
0
0
15622
0
15631
0
0
0
15627
0
12119
0
15505
0
15633
0
16220
0
15507
0
18578
5154
3893
4000
0
0
0
14005
0
15632
0
15624
0
15727
0
11751
0
15824
0
15095
0
17196
9614
5899
4855
4004
3170
0
16355
0
16253
0
15096
0
15743
0
16340
0
15226
0
11368
0
15007
0
16207
0
15505
0
0
0
0
0
0
15005
0
0
0
16394
15096
0
15632
0
19569
3998
3993
5003
0
16168
0
15006
0
15631
0
4506
0
0
0
0
15624
0
15641
0
0
16260
9927
4994
6977
4930
0
15746
0
16174
0
0
0
4006
12687
0
15989
0
0
0
0
15631
0
0
7004
0
15849
15731
0
0
0
0
4280
5812
4818
5884
5389
5331
7237
5987
4987
5338
5019
2912
0
8492
1750
14492
6011
5004
7471
0
5943
7248
6103
0
15755
0
0
15131
0
4126
11127
0
0
15629
0
16416
15124
0
710
9630
0
15867
15127
0
0
15751
0
0
15626
0
0
16329
0
0
15893
0
0
22334
5140
15669
14090
5174
7410
5985
6844
4171
11635
0
0
0
15126
15762
0
7605
5995
0
15754
15619
0
0
16775
0
7621
14158
5044
5998
7697
5999
0
0
20534
12433
6005
6168
5210
0
0
16339
15128
5635
0
15749
0
0
0
15621
16620
11632
7312
0
6002
6169
4192
16446
0
6121
10128
15756
0
0
16298
15125
15763
11628
0
15761
16447
15129
0
0
0
16271
14630
16494
15095
15751
0
0
7125
0
0
15631
15623
15545
16556
15250
15751
11394
4301
15741
15623
15628
6626
0
0
0
15853
15880
15882
0
0
0
15918
15134
15763
0
0
2632
703
15123
16479
0
0
0
16393
7631
15753
0
0
0
15829
15848
15254
15751
0
11268
0
7004
0
0
7134
15762
16367
0
0
0
0
1625
15752
15629
15628
16357
15124
0
0
0
0
15630
16482
15916
15130
10126
0
0
0
0
15853
15858
15121
15762
15625
16521
0
0
11816
7749
0
0
0
0
0
15818
15952
15836
15909
15131
15755
16374
19123
17637
11305
15882
0
0
9123
0
0
0
0
0
0
0
0
0
0
0
1410
18743
7994
0
0
0
0
0
0
0
15123
15754
15627
15625
20509
11124
16364
15511
15641
16481
15129
6291
15892
16017
15865
15881
15120
16062
15128
16512
15135
16496
16139
19934
11812
9626
9003
10115
9626
10735
4636
10717
0
9628
0
12805
9717
10099
10693
0
10000
10540
2599
9601
10223
9603
8147
6408
14948
10011
9998
10014
9996
10001
10196
10813
9106
10443
11016
9508
10004
10893
10865
0
10734
10694
0
10102
9603
10007
10300
12436
10783
0
10102
10002
9997
0
10358
10094
670
9005
9602
0
10774
10006
9803
9605
18449
9501
10001
10665
10006
20320
11790
4521
9279
9526
8747
9107
9995
10096
10095
10099
9997
10252
10006
10275
10105
10732
10240
10215
10001
10598
10008
10001
18005
15323
7165
10333
9599
10015
10194
9608
9999
0
9999
15863
10115
9895
9608
5506
9094
5607
10007
9996
10001
10854
10217
0
10790
9111
9602
13222
10807
11327
10006
8504
10111
10125
10676
10109
9005
9507
5644
9101
9607
9901
9612
11290
10006
9999
9505
11131
11511
10007
10223
10001
9870
11822
10286
11146
9741
18560
5591
10108
9896
10772
10005
11706
10281
9284
10241
9612
11066
10105
9903
9601
10038
8616
10816
10142
10659
9106
10781
11066
10118
10014
10824
10111
11262
4393
10286
9613
10004
10006
9999
22009
11390
11932
10004
9609
9998
10003
14750
10054
9606
10705
10109
11321
10013
10611
10112
10842
10366
10855
10715
8283
10003
10663
10953
10014
10105
10674
10207
10005
9998
9903
11063
10017
10139
10313
20126
10005
10939
10859
10129
10387
