0
0
0
0
0
0
0
0
0
1003
0
0
0
0
0
0
0
0
978
0
0
999
0
0
1016
0
0
0
0
0
0
0
0
0
0
0
999
0
0
1008
592
144
0
0
0
1016
0
0
0
0
1000
983
71
1029
997
0
0
0
0
194
0
0
1000
1000
0
0
1000
984
279
613
1069
0
1094
1045
994
0
546
0
1031
996
0
1000
621
0
576
1051
1000
0
1041
835
1055
1001
1000
999
1351
1005
1506
1588
0
993
1000
1163
1025
1737
994
1038
1052
926
995
1165
0
0
1053
999
1020
1000
1001
1000
1001
1000
1002
1000
2004
999
932
1001
1701
999
1001
1001
1027
2033
1008
1994
998
1999
1258
2000
1000
1001
1981
998
657
2000
2000
2000
1001
999
1000
2000
2196
1459
0
10006
0
0
0
0
0
0
10023
0
0
9990
0
0
0
3613
0
2034
1045
2042
2000
1422
1000
1694
1000
1001
1006
1122
1903
1017
2018
2026
2000
2009
2001
2033
1007
2001
2002
1005
1783
2192
1005
1111
2166
1999
1000
1475
1824
1997
1005
997
1909
2095
991
2088
1982
0
0
0
0
1993
1999
2001
2003
2001
1999
2002
1796
0
0
0
2105
2004
2009
2910
2003
1995
1976
2003
0
10913
0
0
0
0
0
0
9999
0
3107
0
0
0
0
9608
0
10589
0
9606
0
0
0
0
0
0
0
0
0
0
0
0
0
0
0
0
0
0
0
0
0
0
0
0
0
10103
0
9603
0
9606
3101
6602
0
0
9946
0
4045
0
10114
0
0
0
0
0
0
9999
0
11098
3009
3010
1979
0
0
0
10657
0
0
0
0
10002
0
10304
0
0
0
0
9103
0
0
0
5006
2999
2994
2304
3103
3725
2995
2997
3098
2993
3670
0
10097
0
4027
0
12833
0
0
0
0
0
0
2593
0
0
0
15732
0
15627
0
0
0
0
0
0
15521
0
4148
0
0
0
0
0
0
0
0
0
0
0
3000
3110
3000
2684
0
16735
0
0
0
0
0
0
0
5097
0
0
0
0
0
0
0
0
3002
2999
3001
3996
0
0
0
0
0
0
0
0
0
0
0
0
5010
0
0
0
0
0
0
0
0
15726
0
15626
10595
6568
0
586
0
15505
0
0
0
0
0
0
4100
5832
4008
1512
0
0
0
0
0
0
16189
0
11005
0
15758
0
0
0
0
15623
0
141
5111
3993
3997
3089
0
0
0
0
15600
0
15631
0
0
0
0
16151
0
15096
0
0
16296
8504
659
0
0
0
15144
0
16515
13774
4502
3986
4257
4137
6536
4381
4097
4730
4009
4099
3994
0
15134
9837
0
5514
5345
5002
635
17186
4059
5006
2171
0
0
16391
0
0
16560
0
0
15749
0
0
0
0
0
0
0
6380
0
0
740
15131
0
0
15630
0
0
15757
0
0
15893
0
0
15855
0
3858
0
0
3054
9715
5032
3410
8460
0
0
15751
16532
0
0
918
15127
5776
3255
0
0
713
15130
0
0
15130
0
6176
6228
4995
5005
3168
16515
0
143
5117
5398
6002
0
15742
0
0
0
10133
0
0
15630
15629
0
0
0
5131
350
19843
7039
4995
0
0
15126
0
0
0
15631
0
0
0
0
4128
0
0
0
0
16494
15863
0
0
0
0
0
0
15631
15627
8620
15755
0
0
0
0
0
0
3299
5991
0
0
0
9133
0
16618
15846
0
0
0
0
15917
15842
0
0
0
733
15855
15892
12626
0
0
0
15767
15720
0
7626
0
698
15128
16521
0
0
0
0
0
15637
4746
15847
3245
16481
8133
0
0
0
15122
15763
16341
13628
0
0
0
0
0
0
20380
11125
15748
0
0
0
0
0
6354
15131
15760
16354
0
0
0
0
0
0
0
15832
16103
7128
1454
15750
15623
15631
15617
0
0
0
0
0
0
0
0
0
0
0
15132
15757
15623
7834
15773
15136
15747
15634
15618
15745
16431
15823
15807
15130
15753
0
9093
4620
16377
15844
15900
15126
16975
15132
0
0
0
0
0
0
0
0
0
0
0
10128
0
0
0
0
0
0
0
0
0
0
0
0
0
10388
7312
5417
728
10125
5133
10130
9627
10816
10361
10032
8340
0
9909
9508
10006
10934
9607
8269
10840
0
14871
8294
0
5601
10095
0
9996
9999
10111
0
10680
11589
11811
3738
10006
0
9614
9598
10116
9665
10546
9604
10729
0
10699
9600
8102
10342
9609
10006
10004
11109
9004
10009
10003
10848
10631
10594
9606
9606
11397
10318
0
7865
0
10094
9602
0
0
14099
12700
8020
8463
8213
7616
0
9906
9904
10003
9997
0
10738
9602
9905
0
9612
10107
9901
9507
9999
0
2763
8003
10863
0
10102
9986
10774
10110
0
9994
10004
4609
10000
10908
4765
11153
14712
10100
10009
9993
9903
9601
0
9999
10622
10676
10098
7101
9605
9537
7509
10109
10218
9991
9602
1150
10671
14512
11148
10759
10108
10656
10108
9006
10000
11078
0
9898
8006
9998
10021
16487
8780
8350
9825
10353
0
9002
7607
10003
9998
9504
10756
8759
11185
10340
10090
10106
9603
9999
10791
10350
10107
1605
9610
9959
10659
10010
9662
9101
10119
9889
9609
11636
8999
10727
10297
10105
10009
9999
9999
9344
9268
9385
4637
10105
10002
10002
9780
5718
10008
9609
10000
9604
9999
9625
9999
10485
9507
10835
9949
10100
9902
10101
9011
9996
9998
9610
10103
9900
10097
9999
9608
10005
10891
9633
0
10254
9637
9624
10750
9631
