0
0
0
0
0
0
0
0
0
0
0
14505
2217
0
0
1991
0
3999
4005
4671
10684
12511
12882
13874
17527
3018
9983
6733
11073
5910
15828
11325
14740
19425
20928
17553
19415
3120
11394
17208
18464
19447
20333
14079
18533
27419
27245
27308
21295
22491
24249
24403
27021
24713
23909
22087
29197
29166
28767
29614
38585
49637
40957
39915
51864
42246
49753
57117
40660
53673
50048
53231
57102
67831
54653
58305
53762
70355
64018
69664
69932
73300
72559
71474
79449
76361
82722
80721
85282
89416
97577
92737
97501
77625
87095
98018
98022
103241
97751
113016
101766
109882
110810
110872
131762
154867
152999
153502
147788
115644
142352
117382
119196
121449
137124
171007
130778
126689
140194
134509
179039
203187
181117
207718
190155
172998
178597
163461
169329
162021
169903
185626
184425
163428
163175
163005
180188
179938
171137
180685
173728
184354
192829
195839
197729
189300
201044
198204
210650
210231
219405
200858
219901
236301
240395
241481
226837
232337
258610
242601
238309
253714
263064
244658
258496
263002
276339
261474
260468
277175
266330
274470
273590
274818
308418
293404
292496
308333
306760
307043
303041
323025
324213
321270
327039
337196
322338
337170
338389
355801
339004
343061
334070
372116
372330
373764
373185
365444
378483
398381
382889
411040
394398
384262
403766
418868
420379
409796
402239
414164
453380
435655
416666
452653
434397
443367
449117
443590
471812
452814
485766
474664
455355
532512
504942
493430
504583
491529
509494
505167
525083
513183
507750
530342
550276
497318
545046
535864
540003
532174
529740
552024
570204
569018
555072
558494
589060
559973
574666
579006
592207
600146
594046
609544
597968
629450
629997
642791
630348
634354
651129
635354
647598
654499
656203
671917
672927
683894
694028
692022
678600
707298
697120
725675
745033
717733
712617
739395
751488
718706
738562
739253
764348
758960
756524
764855
792476
774242
793957
791015
808853
810417
846876
810146
846315
840378
836066
839851
842936
867373
838641
853441
858235
874473
876035
879385
876218
896250
902636
910474
896152
913441
895711
947509
922434
935505
974154
971637
973874
970248
985856
991146
1.00789e+006
1.0161e+006
997972
1.07652e+006
1.01976e+006
1.02774e+006
1.0356e+006
1.04736e+006
1.10269e+006
1.02456e+006
1.07951e+006
1.05812e+006
1.0573e+006
1.06308e+006
1.08084e+006
1.09421e+006
1.102e+006
1.12709e+006
1.11596e+006
1.10418e+006
1.11821e+006
1.11552e+006
1.16018e+006
1.15373e+006
1.12374e+006
1.17652e+006
1.15713e+006
1.19094e+006
1.177e+006
1.17627e+006
1.18452e+006
1.1798e+006
1.217e+006
1.23364e+006
1.23453e+006
1.23391e+006
1.27843e+006
1.24789e+006
1.2234e+006
1.2524e+006
1.29162e+006
1.26236e+006
1.26991e+006
1.28957e+006
1.28888e+006
1.31473e+006
1.31599e+006
1.27881e+006
1.34234e+006
1.3112e+006
1.32258e+006
1.32537e+006
1.34729e+006
1.37574e+006
1.3798e+006
1.37545e+006
1.37435e+006
1.34436e+006
1.39217e+006
1.32577e+006
1.32849e+006
1.41876e+006
1.4289e+006
1.4274e+006
1.43351e+006
1.45206e+006
1.46902e+006
1.46832e+006
1.44502e+006
1.46922e+006
1.44559e+006
1.49801e+006
1.4415e+006
1.51036e+006
1.50996e+006
1.5241e+006
1.45946e+006
1.5109e+006
1.53812e+006
1.52821e+006
1.53169e+006
1.55124e+006
1.54432e+006
1.5623e+006
1.57992e+006
1.56707e+006
1.58334e+006
1.58187e+006
1.58342e+006
1.61615e+006
1.60758e+006
1.64166e+006
1.6785e+006
1.64743e+006
1.60758e+006
1.66349e+006
1.622e+006
1.65455e+006
1.7064e+006
1.69787e+006
1.63638e+006
1.71699e+006
1.70875e+006
1.73465e+006
1.73548e+006
1.77909e+006
1.75259e+006
1.7718e+006
1.75336e+006
1.72106e+006
1.73446e+006
1.72418e+006
1.78944e+006
1.78114e+006
1.78518e+006
1.80314e+006
1.8488e+006
1.80401e+006
1.83303e+006
1.86123e+006
1.90656e+006
1.8907e+006
1.89524e+006
1.90798e+006
1.90755e+006
1.85929e+006
1.8667e+006
1.90555e+006
1.87213e+006
1.94576e+006
1.93217e+006
1.94059e+006
1.93543e+006
1.95719e+006
1.97698e+006
2.0097e+006
1.9525e+006
1.95481e+006
1.98045e+006
2.03447e+006
2.06569e+006
2.03108e+006
2.05261e+006
1.99204e+006
2.00602e+006
2.07247e+006
2.05059e+006
2.0969e+006
2.07369e+006
2.08513e+006
2.03164e+006
2.04311e+006
2.04963e+006
2.12903e+006
2.07014e+006
2.09024e+006
2.16668e+006
2.18447e+006
2.1792e+006
2.1405e+006
2.16667e+006
2.29725e+006
2.26884e+006
2.22772e+006
2.2381e+006
2.22304e+006
2.24327e+006
2.25389e+006
2.27254e+006
2.2966e+006
2.31733e+006
2.31215e+006
2.29718e+006
2.31176e+006
2.28148e+006
2.3059e+006
2.33341e+006
2.30985e+006
2.39902e+006
2.36319e+006
2.38149e+006
2.38722e+006
2.37334e+006
2.33028e+006
2.37862e+006
2.41097e+006
2.43538e+006
2.42209e+006
2.43792e+006
2.48434e+006
2.4889e+006
2.50899e+006
2.53737e+006
2.5144e+006
2.52838e+006
2.55759e+006
2.51154e+006
2.54439e+006
2.57285e+006
2.53893e+006
2.58863e+006
2.62426e+006
2.58349e+006
2.54136e+006
2.64146e+006
2.59484e+006
2.64336e+006
2.60571e+006
2.59943e+006
2.66014e+006
2.64134e+006
2.62328e+006
2.61918e+006
2.71766e+006
2.72801e+006
2.60596e+006
2.63339e+006
2.64104e+006
2.66697e+006
2.73268e+006
2.78478e+006
2.70683e+006
2.7943e+006
2.78672e+006
2.84164e+006
2.80543e+006
2.83819e+006
2.85964e+006
2.80918e+006
2.79582e+006
2.84575e+006
2.83894e+006
2.95593e+006
2.85362e+006
2.88144e+006
2.84699e+006
2.8704e+006
2.88887e+006
2.97544e+006
2.92348e+006
2.99356e+006
2.92478e+006
2.95499e+006
3.02082e+006
3.02543e+006
3.05534e+006
2.98737e+006
3.21207e+006
3.27503e+006
3.13473e+006
3.0588e+006
3.20685e+006
3.67707e+006
3.40846e+006
3.45172e+006
3.41583e+006
3.44075e+006
3.46028e+006
3.46044e+006
3.53978e+006
3.57955e+006
3.59605e+006
3.55688e+006
3.66203e+006
3.6053e+006
3.59524e+006
3.54524e+006
3.98877e+006
3.6279e+006
3.65396e+006
3.66926e+006
3.63923e+006
3.64784e+006
3.7547e+006
3.76775e+006
4.23287e+006
3.7443e+006
3.59879e+006
3.69098e+006
3.4822e+006
3.59172e+006
3.69688e+006
3.71074e+006
3.8589e+006
3.84909e+006
3.81973e+006
3.78239e+006
3.86532e+006
3.87152e+006
3.8454e+006
3.87982e+006
3.83027e+006
3.86023e+006
3.89931e+006
3.923e+006
3.87961e+006
3.8812e+006
3.94619e+006
4.20406e+006
4.13407e+006
4.08965e+006
4.08979e+006
3.83801e+006
3.97137e+006
3.8947e+006
3.99034e+006
3.84929e+006
3.90541e+006
4.16991e+006
4.07965e+006
4.3605e+006
4.27403e+006
4.07894e+006
4.67314e+006
4.09848e+006
4.02506e+006
4.13589e+006
4.11654e+006
4.17993e+006
4.24235e+006
4.15919e+006
3.99967e+006
4.23478e+006
4.13767e+006
4.04999e+006
4.23354e+006
4.19035e+006
4.10987e+006
4.25886e+006
4.38964e+006
4.29504e+006
4.16494e+006
4.26526e+006
4.22182e+006
4.14033e+006
4.03542e+006
4.10943e+006
4.11893e+006
4.11866e+006
4.08516e+006
4.09244e+006
4.1003e+006
4.20527e+006
4.26625e+006
4.63994e+006
4.47015e+006
4.28551e+006
4.35478e+006
4.55355e+006
4.46218e+006
4.44e+006
4.6203e+006
4.56398e+006
4.61532e+006
4.5153e+006
4.55732e+006
4.50021e+006
4.61929e+006
4.58209e+006
4.68439e+006
4.67997e+006
5.02495e+006
4.54074e+006
4.8099e+006
4.65939e+006
5.13358e+006
5.10944e+006
5.03012e+006
4.97011e+006
4.93818e+006
5.20164e+006
5.03972e+006
5.06581e+006
4.75889e+006
5.13428e+006
5.17992e+006
4.9577e+006
5.11975e+006
5.18089e+006
5.16639e+006
5.1487e+006
4.98505e+006
5.06522e+006
5.13997e+006
5.1419e+006
5.10506e+006
6.62351e+006
5.99364e+006
5.4029e+006
5.89002e+006
5.75423e+006
5.47534e+006
5.9596e+006
5.8364e+006
6.2839e+006
5.42832e+006
5.60399e+006
5.59504e+006
5.37785e+006
5.54777e+006
5.40463e+006
5.68018e+006
5.52172e+006
5.47192e+006
5.44998e+006
5.39297e+006
5.59206e+006
5.52502e+006
5.63728e+006
5.60639e+006
5.76133e+006
5.70161e+006
5.70481e+006
5.77687e+006
5.70229e+006
5.67776e+006
5.87476e+006
5.56617e+006
6.05602e+006
5.57933e+006
5.50155e+006
5.8765e+006
5.81776e+006
5.73174e+006
5.93216e+006
6.36568e+006
7.06464e+006
5.91488e+006
6.1797e+006
5.93531e+006
6.07913e+006
6.1131e+006
5.8281e+006
5.90351e+006
6.27303e+006
6.20283e+006
6.2574e+006
6.38002e+006
6.14254e+006
6.08806e+006
6.05848e+006
6.30775e+006
6.33224e+006
6.46503e+006
6.32031e+006
6.24406e+006
6.3105e+006
5.78193e+006
5.86554e+006
5.84712e+006
5.82878e+006
5.93134e+006
6.00317e+006
6.09604e+006
5.84602e+006
5.80104e+006
5.8271e+006
6.14669e+006
5.97127e+006
6.01631e+006
5.90946e+006
6.01682e+006
5.92128e+006
5.79024e+006
5.96521e+006
6.20285e+006
6.27959e+006
6.09416e+006
5.92231e+006
6.37078e+006
6.287e+006
6.02821e+006
6.09544e+006
6.13255e+006
6.05517e+006
6.22063e+006
6.2072e+006
6.27306e+006
6.31148e+006
6.35383e+006
6.21565e+006
6.0955e+006
6.22277e+006
6.44411e+006
6.3106e+006
6.21045e+006
6.45118e+006
6.41564e+006
6.25439e+006
6.39572e+006
6.40734e+006
6.56752e+006
7.31472e+006
7.09891e+006
6.36449e+006
6.32512e+006
6.30514e+006
6.36017e+006
6.41399e+006
6.52504e+006
7.16766e+006
7.08587e+006
6.88525e+006
7.14454e+006
6.96977e+006
7.0545e+006
6.9888e+006
7.38838e+006
6.71612e+006
7.56329e+006
6.70652e+006
7.44002e+006
7.2796e+006
7.48737e+006
6.78476e+006
7.43758e+006
7.91765e+006
7.18857e+006
7.04956e+006
6.96445e+006
7.25624e+006
7.26981e+006
7.5804e+006
7.4918e+006
7.19435e+006
7.46963e+006
6.78212e+006
6.6204e+006
6.59645e+006
6.70158e+006
6.59546e+006
6.80128e+006
6.93822e+006
6.60672e+006
6.83239e+006
7.51515e+006
7.35586e+006
7.21173e+006
7.0867e+006
7.55212e+006
7.6267e+006
7.27726e+006
7.43868e+006
7.33008e+006
7.20778e+006
7.31066e+006
7.11617e+006
7.00302e+006
7.22194e+006
6.99722e+006
7.19879e+006
7.30534e+006
8.92226e+006
8.16025e+006
8.61135e+006
8.55815e+006
8.2962e+006
8.00051e+006
7.56304e+006
9.0003e+006
8.32253e+006
8.20969e+006
7.95632e+006
8.17637e+006
7.8002e+006
8.1313e+006
7.94763e+006
7.8608e+006
7.82997e+006
7.76057e+006
7.78407e+006
7.74166e+006
7.88885e+006
7.81539e+006
7.8473e+006
8.03286e+006
8.11521e+006
8.10504e+006
7.83426e+006
7.79123e+006
7.99332e+006
7.99214e+006
8.06646e+006
8.1367e+006
8.29e+006
8.34923e+006
9.01044e+006
8.32578e+006
8.31013e+006
9.10165e+006
7.78674e+006
7.72396e+006
7.78859e+006
9.21281e+006
9.25914e+006
8.69302e+006
9.06003e+006
9.47996e+006
9.72268e+006
8.8811e+006
9.57616e+006
9.80151e+006
9.8304e+006
9.56628e+006
9.40393e+006
9.43989e+006
9.5978e+006
9.99024e+006
9.86745e+006
9.83602e+006
9.81019e+006
9.87449e+006
9.79659e+006
9.61782e+006
9.66982e+006
9.84081e+006
1.00484e+007
9.62139e+006
9.02406e+006
8.4438e+006
8.49665e+006
8.52265e+006
9.69754e+006
9.05021e+006
9.33846e+006
8.64524e+006
1.03858e+007
1.071e+007
1.07908e+007
1.16266e+007
1.04883e+007
9.94549e+006
9.26956e+006
1.1145e+007
1.01975e+007
1.03126e+007
1.06439e+007
1.03547e+007
1.15801e+007
1.03037e+007
1.03302e+007
1.05909e+007
1.0575e+007
1.06252e+007
1.03934e+007
1.04293e+007
1.10057e+007
1.22644e+007
1.14342e+007
1.04757e+007
1.0822e+007
1.01676e+007
1.09581e+007
1.05504e+007
1.08295e+007
9.67186e+006
9.20528e+006
9.05837e+006
9.05118e+006
9.40871e+006
9.12029e+006
9.09757e+006
9.0085e+006
8.92641e+006
9.14364e+006
8.97985e+006
9.29614e+006
9.67567e+006
1.19e+007
9.64124e+006
1.07329e+007
9.82298e+006
1.03398e+007
1.1408e+007
1.092e+007
1.09646e+007
1.139e+007
1.11802e+007
