0
0
0
0
5006
1504
0
0
0
0
0
3825
0
0
15878
999
13826
10615
1131
3993
2022
2700
3810
2451
15835
17348
1812
17809
15998
16195
18438
20417
14426
12669
28217
18566
27375
34329
36981
29319
31451
30598
30241
49667
33862
37040
40584
45800
47398
50862
50758
51772
54844
57465
63504
66344
69151
69070
60595
83983
77252
76078
77705
77991
96866
93404
80440
76676
98350
92422
99723
95761
94060
96921
112521
123249
129771
110954
121364
113221
130249
124344
128699
143972
137415
139817
134940
151617
147229
146059
149923
156409
152658
173624
164175
169179
181872
191702
188841
194949
189014
202470
213729
230352
241200
269910
327967
312743
261497
263486
243375
264305
241918
252344
299256
289781
269946
282066
271615
289557
390512
419676
435489
334910
363497
350239
341480
342867
351542
373728
363591
362197
333751
337665
346749
353148
362788
378434
380640
367243
391235
366006
390563
386999
412449
417552
415490
425503
432499
460904
440794
465866
496757
473248
476989
485422
479743
486633
488998
483925
568406
524128
510040
546582
543026
553119
557712
572863
589345
601151
588205
591561
592133
609307
590901
608189
608059
624880
643685
626770
663765
659907
675948
712259
706841
712174
694689
729321
728191
727557
768264
708918
733073
777053
795424
776229
800084
810661
805391
819212
811957
859653
798262
839948
846369
898310
862324
856290
857788
876321
897217
915756
882124
948417
955143
1.00184e+006
931239
992109
981487
994324
1.01014e+006
1.0104e+006
979387
1.11432e+006
1.04285e+006
1.0582e+006
1.04523e+006
1.0745e+006
1.05943e+006
1.07288e+006
1.04446e+006
1.05148e+006
1.10579e+006
1.13393e+006
1.13381e+006
1.12166e+006
1.12033e+006
1.13926e+006
1.16413e+006
1.15379e+006
1.18501e+006
1.16563e+006
1.16179e+006
1.19555e+006
1.20748e+006
1.19483e+006
1.22382e+006
1.24108e+006
1.2545e+006
1.24125e+006
1.27274e+006
1.24958e+006
1.32018e+006
1.29029e+006
1.30192e+006
1.28901e+006
1.30732e+006
1.28591e+006
1.33356e+006
1.36562e+006
1.34648e+006
1.35302e+006
1.36233e+006
1.39358e+006
1.37819e+006
1.37742e+006
1.38308e+006
1.42444e+006
1.4242e+006
1.42428e+006
1.44078e+006
1.45354e+006
1.50723e+006
1.48803e+006
1.49944e+006
1.50407e+006
1.53088e+006
1.60008e+006
1.54345e+006
1.59432e+006
1.54592e+006
1.54913e+006
1.55946e+006
1.61125e+006
1.61603e+006
1.62584e+006
1.60983e+006
1.64251e+006
1.65595e+006
1.64112e+006
1.65605e+006
1.68676e+006
1.68977e+006
1.6861e+006
1.68681e+006
1.72143e+006
1.70416e+006
1.76623e+006
1.74199e+006
1.73143e+006
1.74779e+006
1.77458e+006
1.80884e+006
1.791e+006
1.80783e+006
1.81837e+006
1.80529e+006
1.82509e+006
1.83939e+006
1.82648e+006
1.87074e+006
1.90541e+006
1.88589e+006
1.89554e+006
1.91452e+006
1.92652e+006
1.9277e+006
1.96003e+006
1.99608e+006
1.99765e+006
2.00859e+006
1.99331e+006
2.06743e+006
2.03522e+006
2.02419e+006
2.04659e+006
2.07234e+006
2.08061e+006
2.10347e+006
2.14706e+006
2.09342e+006
2.11939e+006
2.12525e+006
2.15936e+006
2.17057e+006
2.1919e+006
2.18338e+006
2.2145e+006
2.20724e+006
2.1843e+006
2.21291e+006
2.24932e+006
2.25053e+006
2.29022e+006
2.31273e+006
2.29298e+006
2.29676e+006
2.3211e+006
2.34153e+006
2.33932e+006
2.34048e+006
2.38709e+006
2.39859e+006
2.38493e+006
2.45058e+006
2.41565e+006
2.42699e+006
2.47756e+006
2.45562e+006
2.47449e+006
2.48092e+006
2.47524e+006
2.52118e+006
2.4969e+006
2.51102e+006
2.57729e+006
2.56884e+006
2.56764e+006
2.60377e+006
2.60814e+006
2.60531e+006
2.64442e+006
2.64196e+006
2.65391e+006
2.64131e+006
2.66534e+006
2.71218e+006
2.69184e+006
2.67581e+006
2.72214e+006
2.74957e+006
2.71508e+006
2.76932e+006
2.82029e+006
2.80568e+006
2.81836e+006
2.77832e+006
2.86272e+006
2.83124e+006
2.87422e+006
2.89775e+006
2.92031e+006
2.91487e+006
2.90941e+006
2.95878e+006
2.93841e+006
2.99205e+006
3.02712e+006
2.97058e+006
3.05814e+006
3.05836e+006
3.05137e+006
3.07945e+006
3.04018e+006
3.10525e+006
3.15064e+006
3.20135e+006
3.25104e+006
3.1828e+006
3.23402e+006
3.22768e+006
3.17674e+006
3.29197e+006
3.32206e+006
3.26842e+006
3.31813e+006
3.35377e+006
3.34435e+006
3.35954e+006
3.33338e+006
3.45406e+006
3.37507e+006
3.41902e+006
3.41848e+006
3.38342e+006
3.42931e+006
3.47168e+006
3.51788e+006
3.52818e+006
3.58291e+006
3.55542e+006
3.49367e+006
3.49693e+006
3.54633e+006
3.54281e+006
3.61366e+006
3.61805e+006
3.69427e+006
3.59808e+006
3.61619e+006
3.7057e+006
3.72485e+006
3.69083e+006
3.72241e+006
3.77787e+006
3.76267e+006
3.79023e+006
3.79831e+006
3.8303e+006
3.83564e+006
3.84079e+006
3.91622e+006
3.88165e+006
3.89591e+006
3.95696e+006
3.98783e+006
3.95392e+006
3.97154e+006
4.02786e+006
4.07522e+006
4.03258e+006
4.03292e+006
4.05949e+006
4.06044e+006
4.11771e+006
4.10117e+006
4.17252e+006
4.16927e+006
4.12143e+006
4.12592e+006
4.18101e+006
4.18418e+006
4.19322e+006
4.21126e+006
4.20113e+006
4.2898e+006
4.2461e+006
4.30023e+006
4.3272e+006
4.29194e+006
4.428e+006
4.42158e+006
4.47462e+006
4.5296e+006
4.4684e+006
4.54014e+006
4.55543e+006
4.51383e+006
4.56879e+006
4.53091e+006
4.6349e+006
4.66622e+006
4.62069e+006
4.60956e+006
4.59752e+006
4.63244e+006
4.71558e+006
4.76417e+006
4.7718e+006
4.7393e+006
4.7113e+006
4.75442e+006
4.87817e+006
4.74597e+006
4.80094e+006
4.81582e+006
4.8838e+006
4.84806e+006
4.94398e+006
4.93387e+006
4.94677e+006
5.0256e+006
4.98178e+006
5.05005e+006
5.1034e+006
5.1413e+006
5.08762e+006
5.14321e+006
5.0815e+006
5.09838e+006
5.13209e+006
5.17075e+006
5.28892e+006
5.23293e+006
5.21273e+006
5.24023e+006
5.30682e+006
5.28574e+006
5.31096e+006
5.33314e+006
5.48002e+006
5.35102e+006
5.40839e+006
5.41923e+006
5.45866e+006
5.49429e+006
5.41708e+006
5.4304e+006
5.5592e+006
5.45016e+006
5.48804e+006
5.55479e+006
5.52021e+006
5.61943e+006
5.61062e+006
5.60241e+006
5.71627e+006
5.77491e+006
5.71333e+006
5.72058e+006
5.71218e+006
5.75896e+006
5.85794e+006
5.84998e+006
5.86811e+006
5.83784e+006
5.79286e+006
5.8536e+006
5.88496e+006
6.00638e+006
5.94023e+006
6.0633e+006
5.99273e+006
6.00542e+006
6.00119e+006
6.08658e+006
6.1256e+006
6.11677e+006
6.39354e+006
6.35662e+006
6.62482e+006
6.23128e+006
6.51385e+006
7.98182e+006
7.14134e+006
6.87448e+006
6.9025e+006
6.95983e+006
6.90912e+006
7.01971e+006
7.00484e+006
7.20021e+006
7.11502e+006
7.18415e+006
7.21962e+006
7.13823e+006
7.13456e+006
7.18978e+006
7.32908e+006
7.62213e+006
7.5848e+006
7.51316e+006
7.43309e+006
7.54398e+006
7.5035e+006
7.45023e+006
7.71986e+006
8.48287e+006
7.49296e+006
7.97386e+006
7.25098e+006
7.00558e+006
7.49141e+006
7.74038e+006
7.67916e+006
7.72082e+006
7.75088e+006
7.69915e+006
7.80928e+006
7.74052e+006
7.82673e+006
7.88606e+006
7.72008e+006
7.87982e+006
7.85054e+006
8.0469e+006
7.94017e+006
8.07064e+006
8.03452e+006
8.15169e+006
8.67904e+006
8.43804e+006
8.1797e+006
8.26066e+006
8.01336e+006
8.21535e+006
8.11505e+006
8.13044e+006
8.16498e+006
8.33995e+006
8.71008e+006
8.38992e+006
8.48494e+006
8.51e+006
9.00224e+006
8.69484e+006
8.20833e+006
8.7293e+006
8.64348e+006
8.63002e+006
8.46012e+006
8.53364e+006
8.84514e+006
8.7801e+006
8.88054e+006
8.88826e+006
8.91918e+006
8.96841e+006
8.85488e+006
8.85646e+006
9.00987e+006
9.13554e+006
9.04022e+006
8.81987e+006
8.89457e+006
8.60733e+006
8.34434e+006
8.31941e+006
8.334e+006
8.31228e+006
8.40164e+006
8.38407e+006
8.40324e+006
8.40709e+006
8.40132e+006
9.38021e+006
9.61033e+006
9.45041e+006
9.2647e+006
9.44714e+006
9.44643e+006
9.39013e+006
9.51002e+006
9.34983e+006
9.4857e+006
9.49462e+006
9.59443e+006
9.54389e+006
9.57111e+006
9.74446e+006
1.00305e+007
9.82491e+006
9.81048e+006
1.02317e+007
9.7357e+006
9.82064e+006
1.0349e+007
9.78201e+006
1.05688e+007
1.00946e+007
1.01551e+007
1.01709e+007
1.03803e+007
1.02705e+007
9.97343e+006
9.9931e+006
1.03105e+007
1.04821e+007
1.06901e+007
1.0558e+007
1.04101e+007
1.04114e+007
1.10452e+007
1.1085e+007
1.05339e+007
1.04125e+007
1.09484e+007
1.18585e+007
1.17874e+007
1.12026e+007
1.10165e+007
1.20581e+007
1.1233e+007
1.15048e+007
1.16241e+007
1.19357e+007
1.14295e+007
1.09968e+007
1.17768e+007
1.13729e+007
1.13307e+007
1.15322e+007
1.15428e+007
1.14136e+007
1.14464e+007
1.16706e+007
1.15771e+007
1.13283e+007
1.15121e+007
1.16334e+007
1.1773e+007
1.1722e+007
1.19128e+007
1.1771e+007
1.17984e+007
1.17775e+007
1.19127e+007
1.18287e+007
1.286e+007
1.21616e+007
1.16575e+007
1.14897e+007
1.19112e+007
1.20918e+007
1.22468e+007
1.39962e+007
1.26516e+007
1.30702e+007
1.27681e+007
1.25192e+007
1.25104e+007
1.26553e+007
1.27621e+007
1.25796e+007
1.2684e+007
1.25541e+007
1.2796e+007
1.26893e+007
1.28573e+007
1.26524e+007
1.28756e+007
1.26916e+007
1.28502e+007
1.2863e+007
1.32451e+007
1.29451e+007
1.30254e+007
1.32946e+007
1.19039e+007
1.2164e+007
1.17279e+007
1.1602e+007
1.2218e+007
1.20381e+007
1.19725e+007
1.20462e+007
1.17212e+007
1.20275e+007
1.19164e+007
1.2156e+007
1.27799e+007
1.19759e+007
1.19377e+007
1.21241e+007
1.20552e+007
1.19501e+007
1.23784e+007
1.26803e+007
1.25337e+007
1.24436e+007
1.27267e+007
1.28486e+007
1.25589e+007
1.22873e+007
1.24142e+007
1.23495e+007
1.25839e+007
1.27626e+007
1.27484e+007
1.30834e+007
1.30571e+007
1.28795e+007
1.25551e+007
1.26014e+007
1.27282e+007
1.28621e+007
1.28321e+007
1.30054e+007
1.2897e+007
1.30523e+007
1.29981e+007
1.31451e+007
1.32841e+007
1.3817e+007
1.43697e+007
1.34376e+007
1.29802e+007
1.28952e+007
1.29373e+007
1.33163e+007
1.32342e+007
1.52824e+007
1.58154e+007
1.53394e+007
1.43949e+007
1.51843e+007
1.51064e+007
1.53045e+007
1.51116e+007
1.43324e+007
1.37579e+007
1.50303e+007
1.47699e+007
1.51661e+007
1.51122e+007
1.47809e+007
1.49841e+007
1.54446e+007
1.61079e+007
1.53262e+007
1.39018e+007
1.40294e+007
1.49548e+007
1.57983e+007
1.4688e+007
1.50831e+007
1.61168e+007
1.37762e+007
1.35116e+007
1.34979e+007
1.34963e+007
1.39432e+007
1.36173e+007
1.34886e+007
1.38888e+007
1.36497e+007
1.48187e+007
1.55223e+007
1.47272e+007
1.44714e+007
1.49099e+007
1.56202e+007
1.48527e+007
1.50147e+007
1.50544e+007
1.51574e+007
1.43552e+007
1.46955e+007
1.43899e+007
1.44337e+007
1.4447e+007
1.4416e+007
1.52315e+007
1.58185e+007
1.67874e+007
1.70615e+007
1.71519e+007
1.79611e+007
1.67021e+007
1.55528e+007
1.65255e+007
1.71844e+007
1.69075e+007
1.67804e+007
1.60293e+007
1.71399e+007
1.88089e+007
1.59334e+007
1.60554e+007
1.5696e+007
1.56469e+007
1.55161e+007
1.56311e+007
1.60231e+007
1.62505e+007
1.598e+007
1.62721e+007
1.60777e+007
1.62022e+007
1.60888e+007
1.59133e+007
1.58686e+007
1.62535e+007
1.62559e+007
1.62696e+007
1.62537e+007
1.61914e+007
1.7591e+007
1.87555e+007
1.71236e+007
1.71879e+007
1.62146e+007
1.58005e+007
1.60331e+007
1.7085e+007
1.84398e+007
1.78901e+007
1.85803e+007
1.98397e+007
2.21629e+007
1.90439e+007
2.01538e+007
1.95023e+007
1.97008e+007
1.9385e+007
1.92345e+007
1.91301e+007
1.93802e+007
2.00097e+007
1.977e+007
1.95742e+007
1.9445e+007
1.96756e+007
1.97536e+007
1.97373e+007
1.9739e+007
1.97798e+007
2.02493e+007
2.04223e+007
1.88061e+007
1.72042e+007
1.7387e+007
1.74846e+007
1.96695e+007
1.88629e+007
1.91446e+007
2.02972e+007
1.8678e+007
2.12882e+007
2.02249e+007
2.125e+007
1.91519e+007
2.00195e+007
1.96263e+007
2.15887e+007
2.10876e+007
2.11701e+007
2.09736e+007
2.17599e+007
2.17686e+007
2.12795e+007
2.11964e+007
2.12699e+007
2.11043e+007
2.15e+007
2.11803e+007
2.12774e+007
2.16449e+007
2.12999e+007
2.24906e+007
2.05853e+007
2.34493e+007
2.23359e+007
2.13843e+007
2.22304e+007
2.20342e+007
2.04426e+007
1.89799e+007
1.86028e+007
1.8647e+007
1.8484e+007
1.8874e+007
1.85484e+007
1.85153e+007
1.86192e+007
1.83472e+007
1.90224e+007
1.8619e+007
1.93256e+007
1.98438e+007
2.27766e+007
2.21407e+007
2.21831e+007
2.03043e+007
2.22147e+007
2.10974e+007
2.3272e+007
2.27205e+007
2.31613e+007
2.3091e+007
