Prim's Tree for 8 vertices:
0, 2, 13
0, 3, 13
2, 5, 29
3, 1, 31
1, 4, 14
4, 6, 38
3, 7, 44
----------------------
Kruskal's Tree for 8 vertices:
0, 2, 13
0, 3, 13
1, 4, 14
2, 5, 29
1, 3, 31
4, 6, 38
3, 7, 44
----------------------
Prim's Tree for 15 vertices:
0, 11, 2
11, 10, 4
10, 8, 2
10, 9, 4
8, 7, 5
9, 12, 6
12, 14, 1
14, 13, 9
12, 5, 10
9, 1, 14
14, 4, 22
10, 2, 25
12, 6, 25
12, 3, 27
----------------------
Kruskal's Tree for 15 vertices:
12, 14, 1
0, 11, 2
8, 10, 2
9, 10, 4
10, 11, 4
7, 8, 5
9, 12, 6
13, 14, 9
5, 12, 10
1, 9, 14
4, 14, 22
2, 10, 25
6, 12, 25
3, 12, 27
----------------------
Prim's Tree for 20 vertices:
0, 5, 8
5, 6, 21
6, 16, 13
16, 1, 2
16, 7, 4
1, 18, 5
1, 9, 9
7, 17, 9
17, 14, 1
14, 8, 1
18, 4, 11
14, 12, 12
18, 3, 15
3, 11, 16
4, 2, 17
8, 19, 18
19, 10, 9
12, 13, 24
14, 15, 25
----------------------
Kruskal's Tree for 20 vertices:
8, 14, 1
14, 17, 1
1, 16, 2
7, 16, 4
1, 18, 5
0, 5, 8
1, 9, 9
7, 17, 9
10, 19, 9
4, 18, 11
12, 14, 12
6, 16, 13
3, 18, 15
3, 11, 16
2, 4, 17
8, 19, 18
5, 6, 21
12, 13, 24
14, 15, 25
----------------------