Graph Points:
62 99
11 68
69 13
27 24
33 97
26 52
68 98
86 66
62 17
87 51
72 100
5 37
88 95
63 74
75 82
27 17
52 46
42 19
31 20
98 43
57 14
18 13
3 25
6 63
29 55
60 37
48 78
6 79
1 32
57 24
100 9
53 54
81 97
10 47
74 22
27 49
41 46
41 70
3 33
78 29
89 22
6 57
42 58
53 43
50 61
26 94
62 31
96 67
87 54
35 49
99 62
34 42
85 57
26 10
29 9
97 32
24 70
60 87
61 92
5 98
52 44
6 35
65 62
74 81
92 83
73 8
76 68
90 89
98 7
46 14
96 88
48 83
25 83
67 58
62 52
16 20
42 79
36 56
10 97
32 59
92 18
87 5
28 20
56 7
35 92
73 53
52 24
31 35
29 9
71 58
39 54
20 24
28 24
58 56
23 44
98 10
29 58
71 7
80 43
80 79

Convex Hull Edges:
72 100 88 95
72 100 5 98
88 95 96 88
18 13 3 25
18 13 26 10
3 25 1 32
1 32 5 98
100 9 99 62
100 9 98 7
99 62 96 88
26 10 29 9
26 10 29 9
29 9 56 7
29 9 29 9
98 7 87 5
87 5 56 7
56 7 29 9
