Number of Points, Graham Scan Time (ns), Brute Force Time (ns), Divide and Conquer Time (ns)
4 110480 19355 11875
5 11928 9942 11147
6 13090 8659 12183
7 14522 10129 17603
8 15394 16461 24364
9 17420 20526 25727
10 35465 26189 30019
11 25370 20201 19131
12 15159 21289 132480
13 16587 25258 21721
14 14995 30695 24956
15 16714 37986 28374
16 18357 47923 24217
17 14507 44855 28186
18 18302 51119 25172
19 17223 57274 26084
20 17612 66935 27629
21 19144 77417 28247
22 19335 88033 28210
23 22683 105401 43582
24 30732 159630 51467
25 23134 129666 32197
26 37605 262011 65913
27 42456 294751 67772
28 43072 320194 80186
29 42475 352332 83134
30 46680 389647 96070
31 33987 242420 50436
32 32148 259054 52792
33 31986 288212 50891
34 31597 305020 51017
35 32451 340799 52844
36 36441 371341 54756
37 35752 403744 53963
38 59097 740253 99367
39 84023 762033 69471
40 43770 522610 48946
41 55572 785856 51263
42 33955 491805 49827
43 37643 523299 48943
44 39377 556574 54829
45 30553 517074 44654
46 32031 550110 46215
47 35802 578213 46263
48 39783 637837 47121
49 35322 693444 54795
50 39640 785173 57543
51 37393 1454027 122115
52 51005 1068455 91543
53 48607 1029908 62681
54 39400 900570 59386
55 43086 931907 60835
56 44121 1666330 113373
57 106867 1214657 66184
58 44466 1113463 69883
59 42998 1136389 68937
60 47433 1256066 71846
61 45678 1596417 164111
62 48839 1334256 72552
63 46110 1703744 88450
64 95165 2114609 104952
65 58169 1558379 80636
66 91995 1783480 78799
67 51535 1677213 89515
68 50691 2101719 88481
69 58050 3994734 91942
70 55828 1924269 84602
71 55754 1986986 80552
72 55104 3487459 108936
73 61398 2205264 85017
74 51787 2278927 80800
75 64869 2512832 87433
76 57601 2539521 81878
77 57218 2650778 103317
78 61954 2958151 89460
79 57254 2803216 92072
80 64471 2929505 106082
81 58048 2965756 88671
82 95477 3220209 89127
83 63436 3152329 88856
84 59976 3444759 91907
85 64634 3494548 89493
86 68686 3547291 91054
87 70254 3694154 91733
88 111940 6990841 188370
89 86984 4612449 115045
90 86833 5144510 125824
91 145461 10275894 213857
92 136590 7502433 100770
93 87170 4503534 97752
94 71841 5176683 97908
95 75313 4880631 552516
96 138337 8064199 107975
97 78238 5268296 198898
98 129755 5725344 110073
99 83570 5571119 120147
100 185944 7296770 132210